Id	Desc	SeverLevel	ExpParam	RedeemExp
INT	STRING	INT	FLOAT	INT
#MAX_ID=1000;MAX_RECORD=1000;TableType=Hash;				
#开服天数（已废弃，为了防止意外和2配置成一样）	计算经验加成用（已废弃，为了防止意外和2配置成一样）	开服天数对应服务器等级(玩家邮件提示使用)（已废弃，为了防止意外和2配置成一样）	服务器经验加成（开服天数差值计算）（已废弃，为了防止意外和2配置成一样）	新人进老服补偿经验（已废弃，为了防止意外和2配置成一样）
0	0	38	0	0
1	1	38	0.15	0
2	2	54	0.35	500000
3	3	59	0.5	3500000
4	4	63	0.65	6000000
5	5	66	0.8	10000000
6	6	68	1	10000000
7	7	72	1.25	10000000
8	8	73	1.5	10000000
9	9	76	1.75	10000000
10	10	77	2	10000000
11	11	79	2.3	10000000
12	12	79	2.6	10000000
13	13	79	3	10000000
14	14	79	3.4	10000000
15	15	81	3.8	10000000
16	16	82	4.2	10000000
17	17	83	4.8	10000000
18	18	84	5	10000000
19	19	85	5	10000000
20	20	86	5	10000000
21	21	87	5	10000000
22	22	87	5	10000000
23	23	88	5	10000000
24	24	89	5	10000000
25	25	89	5	10000000
26	26	91	5	10000000
27	27	91	5	10000000
28	28	92	5	10000000
29	29	92	5	10000000
30	30	93	5	10000000
31	31	93	5	10000000
32	32	94	5	10000000
33	33	94	5	10000000
34	34	95	5	10000000
35	35	96	5	10000000
36	36	96	5	10000000
37	37	96	5	10000000
38	38	97	5	10000000
39	39	97	5	10000000
40	40	98	5	10000000
41	41	98	5	10000000
42	42	99	5	10000000
43	43	99	5	10000000
44	44	99	5	10000000
45	45	99	5	10000000
46	46	99	5	10000000
47	47	99	5	10000000
48	48	99	5	10000000
49	49	99	5	10000000
50	50	99	5	10000000
51	51	100	5	10000000
52	52	101	5	10000000
53	53	101	5	10000000
54	54	102	5	10000000
55	55	102	5	10000000
56	56	102	5	10000000
57	57	103	5	10000000
58	58	103	5	10000000
59	59	103	5	10000000
60	60	104	5	10000000
61	61	104	5	10000000
62	62	105	5	10000000
63	63	105	5	10000000
64	64	106	5	10000000
65	65	106	5	10000000
66	66	106	5	10000000
67	67	107	5	10000000
68	68	107	5	10000000
69	69	107	5	10000000
70	70	108	5	10000000
71	71	108	5	10000000
72	72	109	5	10000000
73	73	109	5	10000000
74	74	109	5	10000000
75	75	110	5	10000000
76	76	110	5	10000000
77	77	111	5	10000000
78	78	111	5	10000000
79	79	111	5	10000000
80	80	112	5	10000000
81	81	112	5	10000000
82	82	112	5	10000000
83	83	113	5	10000000
84	84	113	5	10000000
85	85	114	5	10000000
86	86	114	5	10000000
87	87	114	5	10000000
88	88	114	5	10000000
89	89	115	5	10000000
90	90	115	5	10000000
91	91	116	5	10000000
92	92	116	5	10000000
93	93	116	5	10000000
94	94	117	5	10000000
95	95	117	5	10000000
96	96	117	5	10000000
97	97	118	5	10000000
98	98	118	5	10000000
99	99	118	5	10000000
100	100	119	5	10000000
101	101	119	5	10000000
102	102	119	5	10000000
103	103	119	5	10000000
104	104	119	5	10000000
105	105	119	5	10000000
106	106	119	5	10000000
107	107	119	5	10000000
108	108	119	5	10000000
109	109	119	5	10000000
110	110	119	5	10000000
111	111	119	5	10000000
112	112	119	5	10000000
113	113	119	5	10000000
114	114	119	5	10000000
115	115	119	5	10000000
116	116	119	5	10000000
117	117	120	5	10000000
118	118	125	5	10000000
119	119	129	5	10000000
120	120	133	5	10000000
121	121	138	5	10000000
122	122	142	5	10000000
123	123	146	5	10000000
124	124	150	5	10000000
125	125	154	5	10000000
126	126	158	5	10000000
127	127	162	5	10000000
128	128	166	5	10000000
129	129	170	5	10000000
130	130	174	5	10000000
131	131	179	5	10000000
132	132	179	5	10000000
133	133	179	5	10000000
134	134	179	5	10000000
135	135	179	5	10000000
136	136	179	5	10000000
137	137	179	5	10000000
138	138	179	5	10000000
139	139	179	5	10000000
140	140	179	5	10000000
141	141	179	5	10000000
142	142	179	5	10000000
143	143	179	5	10000000
144	144	179	5	10000000
145	145	179	5	10000000
146	146	181	5	10000000
147	147	182	5	10000000
148	148	184	5	10000000
149	149	186	5	10000000
150	150	187	5	10000000
151	151	189	5	10000000
152	152	190	5	10000000
153	153	191	5	10000000
154	154	193	5	10000000
155	155	194	5	10000000
156	156	195	5	10000000
157	157	197	5	10000000
158	158	198	5	10000000
159	159	199	5	10000000
160	160	199	5	10000000
161	161	199	5	10000000
162	162	199	5	10000000
163	163	199	5	10000000
164	164	199	5	10000000
165	165	199	5	10000000
166	166	199	5	10000000
167	167	199	5	10000000
168	168	199	5	10000000
169	169	199	5	10000000
170	170	199	5	10000000
171	171	199	5	10000000
172	172	199	5	10000000
173	173	199	5	10000000
174	174	200	5	10000000
175	175	200	5	10000000
176	176	201	5	10000000
177	177	201	5	10000000
178	178	202	5	10000000
179	179	202	5	10000000
180	180	202	5	10000000
181	181	203	5	10000000
182	182	203	5	10000000
183	183	204	5	10000000
184	184	204	5	10000000
185	185	205	5	10000000
186	186	205	5	10000000
187	187	205	5	10000000
188	188	206	5	10000000
189	189	206	5	10000000
190	190	207	5	10000000
191	191	207	5	10000000
192	192	209	5	10000000
193	193	209	5	10000000
194	194	209	5	10000000
195	195	210	5	10000000
196	196	210	5	10000000
197	197	211	5	10000000
198	198	211	5	10000000
199	199	212	5	10000000
200	200	212	5	10000000
201	201	212	5	10000000
202	202	213	5	10000000
203	203	213	5	10000000
204	204	214	5	10000000
205	205	214	5	10000000
206	206	216	5	10000000
207	207	216	5	10000000
208	208	216	5	10000000
209	209	217	5	10000000
210	210	217	5	10000000
211	211	218	5	10000000
212	212	218	5	10000000
213	213	219	5	10000000
214	214	219	5	10000000
215	215	219	5	10000000
216	216	219	5	10000000
217	217	219	5	10000000
218	218	219	5	10000000
219	219	219	5	10000000
220	220	219	5	10000000
221	221	219	5	10000000
222	222	219	5	10000000
223	223	219	5	10000000
224	224	219	5	10000000
225	225	219	5	10000000
226	226	219	5	10000000
227	227	219	5	10000000
228	228	219	5	10000000
229	229	219	5	10000000
230	230	220	5	10000000
231	231	220	5	10000000
232	232	221	5	10000000
233	233	221	5	10000000
234	234	222	5	10000000
235	235	222	5	10000000
236	236	222	5	10000000
237	237	223	5	10000000
238	238	223	5	10000000
239	239	224	5	10000000
240	240	224	5	10000000
241	241	225	5	10000000
242	242	225	5	10000000
243	243	225	5	10000000
244	244	226	5	10000000
245	245	226	5	10000000
246	246	227	5	10000000
247	247	227	5	10000000
248	248	229	5	10000000
249	249	229	5	10000000
250	250	229	5	10000000
251	251	230	5	10000000
252	252	230	5	10000000
253	253	231	5	10000000
254	254	231	5	10000000
255	255	232	5	10000000
256	256	232	5	10000000
257	257	232	5	10000000
258	258	233	5	10000000
259	259	233	5	10000000
260	260	234	5	10000000
261	261	234	5	10000000
262	262	236	5	10000000
263	263	236	5	10000000
264	264	236	5	10000000
265	265	237	5	10000000
266	266	237	5	10000000
267	267	238	5	10000000
268	268	238	5	10000000
269	269	239	5	10000000
270	270	239	5	10000000
271	271	239	5	10000000
272	272	239	5	10000000
273	273	239	5	10000000
274	274	239	5	10000000
275	275	239	5	10000000
276	276	239	5	10000000
277	277	239	5	10000000
278	278	239	5	10000000
279	279	239	5	10000000
280	280	239	5	10000000
281	281	239	5	10000000
282	282	239	5	10000000
283	283	239	5	10000000
284	284	239	5	10000000
285	285	239	5	10000000
286	286	239	5	10000000
287	287	239	5	10000000
288	288	239	5	10000000
289	289	239	5	10000000
290	290	239	5	10000000
291	291	239	5	10000000
292	292	239	5	10000000
293	293	239	5	10000000
294	294	239	5	10000000
295	295	239	5	10000000
296	296	239	5	10000000
297	297	239	5	10000000
298	298	239	5	10000000
299	299	239	5	10000000
300	300	239	5	10000000
301	301	239	5	10000000
302	302	239	5	10000000
303	303	239	5	10000000
304	304	239	5	10000000
305	305	239	5	10000000
306	306	239	5	10000000
307	307	239	5	10000000
308	308	239	5	10000000
309	309	239	5	10000000
310	310	239	5	10000000
311	311	239	5	10000000
312	312	239	5	10000000
313	313	239	5	10000000
314	314	239	5	10000000
315	315	239	5	10000000
316	316	239	5	10000000
317	317	239	5	10000000
318	318	239	5	10000000
319	319	239	5	10000000
320	320	239	5	10000000
321	321	239	5	10000000
322	322	239	5	10000000
323	323	239	5	10000000
324	324	239	5	10000000
325	325	239	5	10000000
326	326	239	5	10000000
327	327	239	5	10000000
328	328	239	5	10000000
329	329	239	5	10000000
330	330	239	5	10000000
331	331	239	5	10000000
332	332	239	5	10000000
333	333	239	5	10000000
334	334	239	5	10000000
335	335	239	5	10000000
336	336	239	5	10000000
337	337	239	5	10000000
338	338	239	5	10000000
339	339	239	5	10000000
340	340	239	5	10000000
341	341	239	5	10000000
342	342	239	5	10000000
343	343	239	5	10000000
344	344	239	5	10000000
345	345	239	5	10000000
346	346	239	5	10000000
347	347	239	5	10000000
348	348	239	5	10000000
349	349	239	5	10000000
350	350	239	5	10000000
351	351	239	5	10000000
352	352	239	5	10000000
353	353	239	5	10000000
354	354	239	5	10000000
355	355	239	5	10000000
356	356	239	5	10000000
357	357	239	5	10000000
358	358	239	5	10000000
359	359	239	5	10000000
360	360	239	5	10000000
361	361	239	5	10000000
362	362	239	5	10000000
363	363	239	5	10000000
364	364	239	5	10000000
365	365	239	5	10000000
366	366	239	5	10000000
367	367	239	5	10000000
368	368	239	5	10000000
369	369	239	5	10000000
370	370	239	5	10000000
371	371	239	5	10000000
372	372	239	5	10000000
373	373	239	5	10000000
374	374	239	5	10000000
375	375	239	5	10000000
376	376	239	5	10000000
377	377	239	5	10000000
378	378	239	5	10000000
379	379	239	5	10000000
380	380	239	5	10000000
381	381	239	5	10000000
382	382	239	5	10000000
383	383	239	5	10000000
384	384	239	5	10000000
385	385	239	5	10000000
386	386	239	5	10000000
387	387	239	5	10000000
388	388	239	5	10000000
389	389	239	5	10000000
390	390	239	5	10000000
391	391	239	5	10000000
392	392	239	5	10000000
393	393	239	5	10000000
394	394	239	5	10000000
395	395	239	5	10000000
396	396	239	5	10000000
397	397	239	5	10000000
398	398	239	5	10000000
399	399	239	5	10000000
400	400	239	5	10000000
